(-67, -1); (-67, -5); (-30, -5); (-30, -14); (-19, -14); (-19, -48); (1, -48); (1, 27); (-83, 27); (-83, -1)
(-19, -91); (33, -91); (33, -82); (41, -82); (41, -91); (64, -91); (64, -40); (30, -40); (30, -7); (28, -7); (28, -2); (27, -2); (27, -40); (19, -40); (19, -4); (16, -4); (16, 9); (-19, 9); (-19, -41)
(-57, -35); (-55, -35); (-55, -38); (-54, -38); (-54, -42); (-53, -42); (-53, -45); (-6, -45); (-6, -26); (-4, -26); (-4, -23); (0, -23); (0, -10); (28, -10); (28, 15); (-13, 15); (-13, 18); (-57, 18); (-57, -30)
(-43, -1); (-32, -1); (-32, -3); (-22, -3); (-22, -39); (8, -39); (8, 10); (12, 10); (12, -34); (15, -34); (15, -29); (25, -29); (25, 13); (5, 13); (5, 61); (3, 61); (3, 59); (-24, 59); (-24, 31); (-43, 31); (-43, 11)
(-41, 7); (-41, 1); (-36, 1); (-36, 0); (-28, 0); (-28, -43); (2, -43); (2, 9); (13, 9); (13, 13); (33, 13); (33, 22); (34, 22); (34, 43); (-2, 43); (-2, 8); (-7, 8); (-7, 9); (-8, 9); (-8, 28); (-50, 28); (-50, 7)
(-8, -38); (6, -38); (6, -76); (16, -76); (16, -86); (43, -86); (43, -49); (73, -49); (73, -28); (91, -28); (91, 11); (36, 11); (36, 7); (26, 7); (26, -6); (25, -6); (25, 13); (-5, 13); (-5, 11); (-8, 11); (-8, -37)
(-34, 13); (-34, 9); (-23, 9); (-23, 8); (-10, 8); (-10, -17); (4, -17); (4, -21); (8, -21); (8, 17); (54, 17); (54, 22); (-31, 22); (-31, 39); (-43, 39); (-43, 13)
(-19, 18); (-19, 2); (-14, 2); (-14, -32); (26, -32); (26, -16); (27, -16); (27, -10); (29, -10); (29, -27); (31, -27); (31, 7); (45, 7); (45, -32); (46, -32); (46, -29); (58, -29); (58, 19); (70, 19); (70, 66); (24, 66); (24, 24); (23, 24); (23, 51); (10, 51); (10, 27); (-6, 27); (-6, 29); (-25, 29); (-25, 18)
(-4, -31); (48, -31); (48, 22); (51, 22); (51, 32); (70, 32); (70, 56); (44, 56); (44, 35); (34, 35); (34, 33); (15, 33); (15, 45); (-4, 45); (-4, 19)
(-25, -43); (-25, -88); (-18, -88); (-18, -6); (-14, -6); (-14, -2); (27, -2); (27, 7); (-21, 7); (-21, -14); (-24, -14); (-24, -3); (-69, -3); (-69, -43)
(13, -1); (13, -14); (14, -14); (14, -38); (38, -38); (38, -33); (39, -33); (39, 0); (45, 0); (45, 47); (36, 47); (36, 2); (35, 2); (35, 18); (31, 18); (31, 22); (20, 22); (20, 0); (17, 0); (17, 49); (-13, 49); (-13, -1)
(-61, 12); (-61, 11); (-24, 11); (-24, -10); (-13, -10); (-13, 7); (-11, 7); (-11, -37); (-5, -37); (-5, -14); (13, -14); (13, 13); (23, 13); (23, 41); (-26, 41); (-26, 15); (-33, 15); (-33, 45); (-34, 45); (-34, 13); (-74, 13); (-74, 62); (-75, 62); (-75, 12)
(0, -33); (0, -34); (5, -34); (5, -38); (13, -38); (13, -77); (27, -77); (27, -70); (30, -70); (30, -24); (34, -24); (34, -19); (37, -19); (37, 14); (8, 14); (8, 17); (-38, 17); (-38, -33)
(-65, -41); (-39, -41); (-39, -50); (-14, -50); (-14, -86); (-8, -86); (-8, -82); (-7, -82); (-7, -6); (-5, -6); (-5, 0); (34, 0); (34, 12); (-16, 12); (-16, -35); (-17, -35); (-17, -32); (-19, -32); (-19, -9); (-20, -9); (-20, -26); (-65, -26); (-65, -36)
(-8, 33); (-8, 32); (0, 32); (0, -15); (11, -15); (11, -11); (14, -11); (14, 1); (35, 1); (35, 71); (37, 71); (37, 74); (7, 74); (7, 82); (-1, 82); (-1, 81); (-40, 81); (-40, 33)
(-23, -51); (29, -51); (29, -3); (54, -3); (54, -38); (68, -38); (68, 48); (25, 48); (25, 5); (24, 5); (24, 49); (22, 49); (22, 42); (18, 42); (18, 24); (-3, 24); (-3, 15); (-23, 15); (-23, -1)
(-39, 27); (-38, 27); (-38, 21); (-37, 21); (-37, -15); (12, -15); (12, 31); (16, 31); (16, 42); (49, 42); (49, 64); (10, 64); (10, 34); (9, 34); (9, 59); (7, 59); (7, 29); (2, 29); (2, 31); (1, 31); (1, 45); (-11, 45); (-11, 78); (-22, 78); (-22, 33); (-39, 33); (-39, 28)
(-9, 32); (-9, -9); (18, -9); (18, 19); (19, 19); (19, 31); (22, 31); (22, 28); (24, 28); (24, -4); (29, -4); (29, 39); (64, 39); (64, 69); (14, 69); (14, 33); (-29, 33); (-29, 34); (-34, 34); (-34, 32)
(-33, 49); (-33, 48); (-29, 48); (-29, -1); (16, -1); (16, 56); (24, 56); (24, 60); (49, 60); (49, 68); (14, 68); (14, 53); (13, 53); (13, 60); (12, 60); (12, 85); (4, 85); (4, 50); (-5, 50); (-5, 52); (-6, 52); (-6, 99); (-35, 99); (-35, 49)
(-15, 11); (-15, -39); (13, -39); (13, 24); (16, 24); (16, 35); (7, 35); (7, 31); (5, 31); (5, 15); (-9, 15); (-9, 28); (-32, 28); (-32, 58); (-37, 58); (-37, 49); (-38, 49); (-38, 11)
